60
2.641573588974258868e+00 5.500833471849857936e+00 7.911582328022046084e+00
-7.812131227251111198e-01 7.857442660326796613e-01 7.911582328022046084e+00
2.641573588974258868e+00 -3.929344939784500834e+00 7.911582328022046084e+00
9.301802331245756505e-01 -2.357648537845441261e+00 7.911582328022046084e+00
4.352966944823943862e+00 7.857442660326796613e-01 7.219662621244108180e+00
-2.492606478574796114e+00 -2.357648537845441261e+00 5.835823207688232372e+00
-2.492606478574796114e+00 3.929137069910797031e+00 7.911582328022046084e+00
-4.203999834424481108e+00 7.857442660326796613e-01 7.219662621244108180e+00
9.301802331245756505e-01 7.857442660326796613e-01 7.911582328022046084e+00
2.641573588974258868e+00 -7.859521359063812440e-01 7.911582328022046084e+00
9.301802331245756505e-01 2.357440667971737902e+00 7.219662621244108180e+00
-7.812131227251111198e-01 -2.357648537845441261e+00 7.219662621244108180e+00
-2.492606478574796114e+00 -7.859521359063812440e-01 7.911582328022046084e+00
-2.492606478574796114e+00 7.857442660326796613e-01 5.835823207688232372e+00
-2.492606478574796114e+00 -3.929344939784500834e+00 7.911582328022046084e+00
2.641573588974258868e+00 2.357440667971737902e+00 8.603502034799983988e+00
-7.812131227251111198e-01 2.357440667971737902e+00 7.219662621244108180e+00
2.641573588974258868e+00 -7.859521359063812440e-01 6.527742914466170276e+00
-2.492606478574796114e+00 -2.357648537845441261e+00 8.603502034799983988e+00
2.641573588974258868e+00 7.857442660326796613e-01 7.911582328022046084e+00
-2.492606478574796114e+00 2.357440667971737902e+00 8.603502034799983988e+00
-4.203999834424481108e+00 -7.859521359063812440e-01 7.219662621244108180e+00
2.641573588974258868e+00 3.929137069910797031e+00 7.911582328022046084e+00
2.641573588974258868e+00 7.857442660326796613e-01 6.527742914466170276e+00
9.301802331245756505e-01 -2.357648537845441261e+00 7.219662621244108180e+00
9.301802331245756505e-01 -3.929344939784500834e+00 7.911582328022046084e+00
-2.492606478574796114e+00 7.857442660326796613e-01 7.911582328022046084e+00
-7.812131227251111198e-01 -3.929344939784500834e+00 7.219662621244108180e+00
-7.812131227251111198e-01 3.929137069910797031e+00 7.219662621244108180e+00
4.352966944823943862e+00 -7.859521359063812440e-01 8.603502034799983988e+00
-7.812131227251111198e-01 -7.859521359063812440e-01 7.911582328022046084e+00
-2.492606478574796114e+00 2.357440667971737902e+00 6.527742914466170276e+00
2.641573588974258868e+00 -2.357648537845441261e+00 7.911582328022046084e+00
-7.812131227251111198e-01 2.357440667971737902e+00 9.295421741577921892e+00
9.301802331245756505e-01 2.357440667971737902e+00 8.603502034799983988e+00
9.301802331245756505e-01 -7.859521359063812440e-01 7.911582328022046084e+00
9.301802331245756505e-01 3.929137069910797031e+00 8.603502034799983988e+00
-7.812131227251111198e-01 -2.357648537845441261e+00 5.835823207688232372e+00
-2.492606478574796114e+00 -7.859521359063812440e-01 6.527742914466170276e+00
-7.812131227251111198e-01 -2.357648537845441261e+00 7.911582328022046084e+00
-7.812131227251111198e-01 -2.357648537845441261e+00 9.987341448355859796e+00
2.641573588974258868e+00 2.357440667971737902e+00 6.527742914466170276e+00
-2.492606478574796114e+00 -2.357648537845441261e+00 7.219662621244108180e+00
9.301802331245756505e-01 -2.357648537845441261e+00 5.835823207688232372e+00
-2.492606478574796114e+00 3.929137069910797031e+00 6.527742914466170276e+00
9.301802331245756505e-01 3.929137069910797031e+00 6.527742914466170276e+00
2.641573588974258868e+00 -2.357648537845441261e+00 5.835823207688232372e+00
-2.492606478574796114e+00 -7.859521359063812440e-01 9.987341448355859796e+00
6.064360300673628856e+00 7.857442660326796613e-01 7.219662621244108180e+00
-7.812131227251111198e-01 2.357440667971737902e+00 5.835823207688232372e+00
4.352966944823943862e+00 -7.859521359063812440e-01 6.527742914466170276e+00
-2.492606478574796114e+00 -3.929344939784500834e+00 6.527742914466170276e+00
-2.492606478574796114e+00 7.857442660326796613e-01 7.219662621244108180e+00
9.301802331245756505e-01 2.357440667971737902e+00 7.911582328022046084e+00
4.352966944823943862e+00 7.857442660326796613e-01 8.603502034799983988e+00
-4.203999834424481108e+00 -7.859521359063812440e-01 9.295421741577921892e+00
-7.812131227251111198e-01 7.857442660326796613e-01 5.835823207688232372e+00
2.641573588974258868e+00 -3.929344939784500834e+00 7.219662621244108180e+00
-7.812131227251111198e-01 -7.859521359063812440e-01 5.835823207688232372e+00
9.301802331245756505e-01 7.857442660326796613e-01 9.987341448355859796e+00
